1.47504e-008
1.54118e-008
1.61032e-008
1.68262e-008
1.75823e-008
1.8373e-008
1.91996e-008
2.00642e-008
2.09685e-008
2.19141e-008
2.29032e-008
2.39376e-008
2.50196e-008
2.61516e-008
2.73355e-008
2.8574e-008
2.98698e-008
3.12254e-008
3.26436e-008
3.41274e-008
3.56797e-008
3.73041e-008
3.90039e-008
4.07828e-008
4.26445e-008
4.45924e-008
4.66313e-008
4.87649e-008
5.09987e-008
5.33364e-008
5.57835e-008
5.83453e-008
6.10267e-008
6.38338e-008
6.67735e-008
6.98507e-008
7.3073e-008
7.6447e-008
7.99803e-008
8.368e-008
8.75547e-008
9.16127e-008
9.5863e-008
1.00315e-007
1.04978e-007
1.09863e-007
1.1498e-007
1.2034e-007
1.25957e-007
1.31842e-007
1.38008e-007
1.44468e-007
1.51239e-007
1.58334e-007
1.6577e-007
1.73564e-007
1.81733e-007
1.90296e-007
1.99273e-007
2.08683e-007
2.18549e-007
2.28893e-007
2.3974e-007
2.51112e-007
2.63038e-007
2.75546e-007
2.88665e-007
3.02423e-007
3.16856e-007
3.31994e-007
3.47876e-007
3.6454e-007
3.82022e-007
4.00366e-007
4.19616e-007
4.39817e-007
4.61016e-007
4.83268e-007
5.06625e-007
5.31144e-007
5.56883e-007
5.83906e-007
6.12281e-007
6.42075e-007
6.73361e-007
7.06221e-007
7.40733e-007
7.76982e-007
8.15061e-007
8.55066e-007
8.97093e-007
9.41256e-007
9.87663e-007
1.03643e-006
1.08769e-006
1.14156e-006
1.19819e-006
1.25773e-006
1.32032e-006
1.38614e-006
1.45535e-006
1.52813e-006
1.60469e-006
1.68522e-006
1.76993e-006
1.85905e-006
1.95283e-006
2.05151e-006
2.15535e-006
2.26466e-006
2.37972e-006
2.50085e-006
2.62837e-006
2.76265e-006
2.90407e-006
3.053e-006
3.20988e-006
3.37514e-006
3.54926e-006
3.73273e-006
3.92608e-006
4.12986e-006
4.34466e-006
4.57111e-006
4.80987e-006
5.06165e-006
5.32718e-006
5.60725e-006
5.90271e-006
6.21444e-006
6.54338e-006
6.89051e-006
7.25694e-006
7.64374e-006
8.05217e-006
8.48345e-006
8.93893e-006
9.42008e-006
9.92838e-006
1.04655e-005
1.10331e-005
1.1633e-005
1.22673e-005
1.29379e-005
1.36471e-005
1.43972e-005
1.51907e-005
1.60304e-005
1.69189e-005
1.78594e-005
1.88551e-005
1.99094e-005
2.1026e-005
2.22088e-005
2.34619e-005
2.479e-005
2.61975e-005
2.76898e-005
2.92722e-005
3.09505e-005
3.27309e-005
3.46201e-005
3.66252e-005
3.87537e-005
4.10138e-005
4.34143e-005
4.59644e-005
4.86741e-005
5.15542e-005
5.46162e-005
5.78724e-005
6.13361e-005
6.50213e-005
6.89436e-005
7.3119e-005
7.75655e-005
8.23018e-005
8.73483e-005
9.27269e-005
9.84615e-005
0.000104577
0.000111101
0.000118064
0.000125496
0.000133432
0.00014191
0.000150969
0.000160653
0.000171008
0.000182084
0.000193937
0.000206625
0.000220213
0.000234769
0.000250369
0.000267094
0.000285033
0.000304281
0.000324943
0.000347131
0.000370969
0.00039659
0.000424139
0.000453776
0.000485673
0.000520018
0.000557015
0.000596891
0.000639888
0.000686275
0.000736346
0.00079042
0.000848849
0.000912021
0.00098036
0.00105433
0.00113445
0.0012213
0.00131549
0.00141774
0.00152883
0.00164962
0.00178111
0.00192439
0.00208074
0.00225159
0.0024386
0.00264368
0.00286908
0.00311747
0.00339202
0.00369656
0.00403576
0.00441538
0.00484263
0.00532655
0.00587869
0.00651392
0.00725153
0.00811686
0.00914348
0.0103764
0.0118765
0.0137275
0.0160461
0.0189983
0.0228252
0.0278871
0.0347397
0.0442745
0.057986
0.0785118
0.110789
0.164698
0.261516
0.45058
0.474799
0.304057
0.209532
0.153035
0.11691
0.0924627
0.0751207
0.062328
0.0525796
0.044947
0.0388342
0.0338448
0.0297067
0.0262281
0.0232705
0.0207314
0.018534
0.016619
0.0149404
0.0134617
0.0121536
0.0109923
0.00995792
0.00903424
0.00820742
0.00746577
0.00679926
0.00619927
0.00565833
0.00516993
0.00472839
0.00432872
0.00396652
0.0036379
0.00333943
0.00306807
0.0028211
0.00259611
0.00239096
0.00220371
0.00203266
0.00187626
0.00173314
0.00160205
0.0014819
0.00137167
0.00127047
0.00117748
0.00109198
0.0010133
0.00094085
0.000874083
0.000812514
0.000755698
0.000703234
0.000654756
0.000609933
0.000568464
0.000530074
0.000494512
0.000461552
0.000430986
0.000402623
0.000376291
0.000351831
0.000329098
0.000307958
0.000288291
0.000269985
0.000252937
0.000237054
0.000222249
0.000208443
0.000195562
0.000183539
0.000172313
0.000161826
0.000152026
0.000142864
0.000134295
0.000126278
0.000118774
0.000111748
0.000105167
9.90014e-005
9.32219e-005
8.78031e-005
8.27208e-005
7.79525e-005
7.34773e-005
6.92758e-005
6.53302e-005
6.16239e-005
5.81412e-005
5.48678e-005
5.17901e-005
4.88957e-005
4.61728e-005
4.36109e-005
4.11995e-005
3.89293e-005
3.67915e-005
3.47779e-005
3.28808e-005
3.1093e-005
2.94078e-005
2.78191e-005
2.63209e-005
2.49077e-005
2.35745e-005
2.23164e-005
2.1129e-005
2.0008e-005
1.89496e-005
1.795e-005
1.70058e-005
1.61137e-005
1.52707e-005
1.4474e-005
1.37209e-005
1.30088e-005
1.23354e-005
1.16985e-005
1.1096e-005
1.0526e-005
9.9866e-006
9.47606e-006
8.99279e-006
8.53524e-006
8.10199e-006
7.6917e-006
7.30306e-006
6.93489e-006
6.58607e-006
6.25553e-006
5.94225e-006
5.64528e-006
5.36378e-006
5.09686e-006
4.84376e-006
4.60373e-006
4.37604e-006
4.16006e-006
3.95512e-006
3.76069e-006
3.57614e-006
3.40101e-006
3.23475e-006
3.07693e-006
2.92708e-006
2.78478e-006
2.64966e-006
2.52132e-006
2.39941e-006
2.2836e-006
2.17357e-006
2.06901e-006
1.96967e-006
1.87525e-006
1.78549e-006
1.70018e-006
1.61908e-006
1.54197e-006
1.46864e-006
1.39892e-006
1.3326e-006
1.26954e-006
1.20954e-006
1.15247e-006
1.09817e-006
1.04651e-006
9.97342e-007
9.50561e-007
9.06035e-007
8.63654e-007
8.23315e-007
7.84913e-007
7.48351e-007
7.13541e-007
6.80395e-007
6.48833e-007
6.18773e-007
5.90144e-007
5.62874e-007
5.36898e-007
5.12151e-007
4.88577e-007
4.66116e-007
4.44714e-007
4.2432e-007
4.04883e-007
3.86361e-007
3.68706e-007
3.5188e-007
3.35839e-007
3.20547e-007
3.05968e-007
2.9207e-007
2.78815e-007
2.66178e-007
2.54127e-007
2.42635e-007
2.31674e-007
2.21219e-007
2.11247e-007
2.01735e-007
1.92661e-007
1.84003e-007
1.75743e-007
1.67864e-007
1.60343e-007
1.53168e-007
1.46321e-007
1.39786e-007
1.33549e-007
1.27596e-007
1.21914e-007
1.16491e-007
1.11313e-007
1.06371e-007
1.01652e-007
9.7147e-008
9.28448e-008
8.87381e-008
8.48165e-008
8.10709e-008
7.74944e-008
7.40786e-008
7.08157e-008
6.77001e-008
6.47237e-008
6.18808e-008
5.91647e-008
5.65701e-008
5.40916e-008
5.17236e-008
4.94616e-008
4.73e-008
4.52344e-008
4.32604e-008
4.13742e-008
3.95719e-008
3.78495e-008
3.6203e-008
3.46296e-008
3.31257e-008
3.16883e-008
3.03144e-008
2.90007e-008
2.77452e-008
2.6545e-008
2.53973e-008
2.43001e-008
2.32511e-008
2.22483e-008
2.12892e-008