2.89871e-006
2.95528e-006
3.01302e-006
3.07201e-006
3.13225e-006
3.19381e-006
3.25668e-006
3.32088e-006
3.38648e-006
3.45348e-006
3.52196e-006
3.59194e-006
3.66342e-006
3.73646e-006
3.81112e-006
3.88737e-006
3.96535e-006
4.04502e-006
4.12646e-006
4.20969e-006
4.29478e-006
4.38175e-006
4.47066e-006
4.56155e-006
4.65452e-006
4.74951e-006
4.84667e-006
4.94604e-006
5.04762e-006
5.15154e-006
5.25781e-006
5.36651e-006
5.47765e-006
5.59136e-006
5.70768e-006
5.82668e-006
5.94844e-006
6.07302e-006
6.20046e-006
6.33088e-006
6.46439e-006
6.60094e-006
6.74075e-006
6.8838e-006
7.03028e-006
7.18018e-006
7.33364e-006
7.49079e-006
7.65159e-006
7.81634e-006
7.98498e-006
8.1577e-006
8.33462e-006
8.51574e-006
8.70127e-006
8.89135e-006
9.08606e-006
9.28555e-006
9.48989e-006
9.6993e-006
9.91389e-006
1.01338e-005
1.03592e-005
1.05901e-005
1.08269e-005
1.10695e-005
1.13183e-005
1.15735e-005
1.18349e-005
1.21031e-005
1.23781e-005
1.26601e-005
1.29495e-005
1.32462e-005
1.35505e-005
1.38628e-005
1.41832e-005
1.4512e-005
1.48494e-005
1.51955e-005
1.55509e-005
1.59157e-005
1.62902e-005
1.66745e-005
1.70693e-005
1.74745e-005
1.78908e-005
1.83182e-005
1.87573e-005
1.92083e-005
1.96717e-005
2.01478e-005
2.06369e-005
2.11397e-005
2.16563e-005
2.21873e-005
2.27332e-005
2.32944e-005
2.38715e-005
2.44649e-005
2.50752e-005
2.57029e-005
2.63486e-005
2.70127e-005
2.76962e-005
2.83994e-005
2.91232e-005
2.98681e-005
3.06349e-005
3.14244e-005
3.22372e-005
3.30743e-005
3.39363e-005
3.48242e-005
3.57389e-005
3.66814e-005
3.76525e-005
3.86532e-005
3.96848e-005
4.07482e-005
4.18444e-005
4.29748e-005
4.41407e-005
4.53431e-005
4.65837e-005
4.78633e-005
4.9184e-005
5.0547e-005
5.19538e-005
5.34062e-005
5.49057e-005
5.64544e-005
5.80539e-005
5.97063e-005
6.14134e-005
6.31776e-005
6.50009e-005
6.68856e-005
6.88343e-005
7.08493e-005
7.29334e-005
7.50893e-005
7.73195e-005
7.96277e-005
8.20165e-005
8.44895e-005
8.705e-005
8.97014e-005
9.2448e-005
9.5293e-005
9.82414e-005
0.000101297
0.000104464
0.000107748
0.000111154
0.000114686
0.000118351
0.000122154
0.0001261
0.000130198
0.000134452
0.000138871
0.000143461
0.000148231
0.000153188
0.00015834
0.000163698
0.000169269
0.000175065
0.000181095
0.000187371
0.000193904
0.000200707
0.000207791
0.000215171
0.00022286
0.000230874
0.000239228
0.000247939
0.000257024
0.000266501
0.00027639
0.000286711
0.000297486
0.000308736
0.000320486
0.00033276
0.000345585
0.000358988
0.000372998
0.000387645
0.000402962
0.000418982
0.000435739
0.000453271
0.000471616
0.000490815
0.000510908
0.000531941
0.000553958
0.000577008
0.000601139
0.000626401
0.000652847
0.000680531
0.000709507
0.000739833
0.000771563
0.000804758
0.000839473
0.000875766
0.000913693
0.000953309
0.000994667
0.00103782
0.00108281
0.00112968
0.00117847
0.00122921
0.00128193
0.00133665
0.00139338
0.00145214
0.00151295
0.00157583
0.00164081
0.00170796
0.00177739
0.00184931
0.00192402
0.002002
0.00208401
0.00217115
0.00226506
0.00236812
0.00248378
0.00261694
0.00277464
0.00296687
0.00320785
0.00351793
0.00392632
0.00447535
0.00522712
0.00627411
0.00775679
0.00989387
0.0130365
0.0177706
0.0251219
0.0369988
0.0572337
0.0943086
0.169492
0.345804
0.860089
0.996424
0.526205
0.330282
0.230346
0.172001
0.13452
0.108697
0.08995
0.0757891
0.0647583
0.0559544
0.0487887
0.0428617
0.0378928
0.0336796
0.0300725
0.0269587
0.0242516
0.0218836
0.0198013
0.0179618
0.0163303
0.0148782
0.0135815
0.0124206
0.0113784
0.0104408
0.00959542
0.0088317
0.0081405
0.00751382
0.00694473
0.00642711
0.00595559
0.00552546
0.00513252
0.00477307
0.00444382
0.00414185
0.00386455
0.00360959
0.00337489
0.00315858
0.00295901
0.00277466
0.00260419
0.00244639
0.00230016
0.00216452
0.00203857
0.0019215
0.00181258
0.00171116
0.00161662
0.00152843
0.00144608
0.00136911
0.00129713
0.00122974
0.0011666
0.00110741
0.00105186
0.0009997
0.000950682
0.000904585
0.000861201
0.000820346
0.000781843
0.000745535
0.000711273
0.000678922
0.000648356
0.000619459
0.000592123
0.000566249
0.000541745
0.000518524
0.000496509
0.000475624
0.000455802
0.000436979
0.000419094
0.000402094
0.000385926
0.000370542
0.000355898
0.000341951
0.000328662
0.000315996
0.000303916
0.000292392
0.000281393
0.000270891
0.000260859
0.000251273
0.000242108
0.000233345
0.000224961
0.000216938
0.000209258
0.000201901
0.000194854
0.0001881
0.000181626
0.000175417
0.000169461
0.000163745
0.00015826
0.000152992
0.000147933
0.000143072
0.000138401
0.00013391
0.000129593
0.00012544
0.000121444
0.000117599
0.000113898
0.000110334
0.000106902
0.000103596
0.00010041
9.73394e-005
9.43794e-005
9.15253e-005
8.87724e-005
8.61171e-005
8.35549e-005
8.1082e-005
7.86947e-005
7.63898e-005
7.41642e-005
7.20138e-005
6.9937e-005
6.79296e-005
6.59897e-005
6.41143e-005
6.23011e-005
6.05475e-005
5.88516e-005
5.72109e-005
5.56229e-005
5.40865e-005
5.25994e-005
5.11596e-005
4.97655e-005
4.84154e-005
4.71078e-005
4.58409e-005
4.46136e-005
4.34241e-005
4.22714e-005
4.11538e-005
4.00705e-005
3.90201e-005
3.8001e-005
3.70129e-005
3.60542e-005
3.51241e-005
3.42217e-005
3.33457e-005
3.24956e-005
3.16703e-005
3.0869e-005
3.0091e-005
2.93353e-005
2.86014e-005
2.78885e-005
2.71958e-005
2.6523e-005
2.58689e-005
2.52333e-005
2.46156e-005
2.40151e-005
2.34311e-005
2.28635e-005
2.23114e-005
2.17745e-005
2.12522e-005
2.07443e-005
2.025e-005
1.97692e-005
1.93013e-005
1.88459e-005
1.84026e-005
1.79712e-005
1.75512e-005
1.71423e-005
1.67442e-005
1.63565e-005
1.59789e-005
1.56112e-005
1.52529e-005
1.49041e-005
1.4564e-005
1.42328e-005
1.391e-005
1.35955e-005
1.3289e-005
1.29903e-005
1.2699e-005
1.24151e-005
1.21384e-005
1.18685e-005
1.16054e-005
1.13487e-005
1.10985e-005
1.08544e-005
1.06163e-005
1.03841e-005
1.01574e-005
9.93643e-006
9.72072e-006
9.51026e-006
9.30489e-006
9.10446e-006
8.90874e-006
8.71781e-006
8.53142e-006
8.34944e-006
8.17177e-006
7.99833e-006
7.82896e-006
7.66359e-006
7.50211e-006
7.34437e-006
7.19029e-006
7.03981e-006
6.89283e-006
6.74922e-006
6.60896e-006
6.47194e-006
6.33798e-006
6.20716e-006
6.07929e-006
5.95436e-006
5.83223e-006
5.71286e-006
5.5962e-006
5.48216e-006
5.37068e-006
5.26173e-006
5.15515e-006
5.05103e-006
4.94916e-006
4.84954e-006
4.75218e-006
4.65694e-006
4.56381e-006
4.47271e-006
4.38361e-006
4.29643e-006
4.21118e-006
4.12777e-006
4.0462e-006
3.96634e-006