3.55626e-006
3.62607e-006
3.69735e-006
3.7702e-006
3.84459e-006
3.9206e-006
3.99824e-006
4.07756e-006
4.15865e-006
4.24145e-006
4.32609e-006
4.41262e-006
4.50099e-006
4.59133e-006
4.68369e-006
4.77805e-006
4.87451e-006
4.97312e-006
5.07393e-006
5.177e-006
5.28233e-006
5.39007e-006
5.50018e-006
5.61281e-006
5.728e-006
5.84575e-006
5.96624e-006
6.08944e-006
6.21546e-006
6.34433e-006
6.47616e-006
6.61107e-006
6.74905e-006
6.89022e-006
7.03468e-006
7.18249e-006
7.33375e-006
7.48858e-006
7.64701e-006
7.80913e-006
7.9751e-006
8.14498e-006
8.31891e-006
8.49694e-006
8.67921e-006
8.86586e-006
9.05694e-006
9.25269e-006
9.45309e-006
9.6584e-006
9.86862e-006
1.0084e-005
1.03046e-005
1.05306e-005
1.07621e-005
1.09994e-005
1.12425e-005
1.14916e-005
1.17469e-005
1.20086e-005
1.22768e-005
1.25518e-005
1.28336e-005
1.31226e-005
1.34189e-005
1.37227e-005
1.40342e-005
1.43538e-005
1.46814e-005
1.50176e-005
1.53624e-005
1.57162e-005
1.60791e-005
1.64516e-005
1.68338e-005
1.7226e-005
1.76285e-005
1.80418e-005
1.8466e-005
1.89014e-005
1.93486e-005
1.98077e-005
2.02793e-005
2.07636e-005
2.1261e-005
2.17719e-005
2.2297e-005
2.28363e-005
2.33906e-005
2.39602e-005
2.45455e-005
2.51472e-005
2.57657e-005
2.64018e-005
2.70557e-005
2.77282e-005
2.84198e-005
2.91311e-005
2.98629e-005
3.06157e-005
3.13903e-005
3.21874e-005
3.30078e-005
3.38522e-005
3.47216e-005
3.56166e-005
3.65382e-005
3.74872e-005
3.84648e-005
3.94717e-005
4.0509e-005
4.15779e-005
4.26794e-005
4.38147e-005
4.49849e-005
4.61914e-005
4.74353e-005
4.87182e-005
5.00414e-005
5.14063e-005
5.28144e-005
5.42676e-005
5.57672e-005
5.7315e-005
5.89131e-005
6.0563e-005
6.22668e-005
6.40267e-005
6.58447e-005
6.7723e-005
6.96641e-005
7.16705e-005
7.37444e-005
7.5889e-005
7.81064e-005
8.04002e-005
8.27731e-005
8.52282e-005
8.77692e-005
9.03993e-005
9.31222e-005
9.59421e-005
9.88626e-005
0.000101888
0.000105023
0.000108272
0.000111639
0.000115131
0.000118752
0.000122509
0.000126406
0.00013045
0.000134648
0.000139006
0.000143533
0.000148234
0.00015312
0.000158197
0.000163474
0.000168962
0.000174669
0.000180607
0.000186786
0.000193218
0.000199914
0.000206888
0.000214154
0.000221726
0.000229618
0.000237847
0.000246431
0.000255386
0.000264731
0.000274488
0.000284677
0.00029532
0.000306442
0.000318068
0.000330225
0.000342941
0.000356247
0.000370175
0.000384758
0.000400034
0.00041604
0.000432818
0.000450411
0.000468865
0.000488231
0.000508561
0.00052991
0.000552339
0.00057591
0.000600692
0.000626757
0.000654182
0.00068305
0.000713448
0.000745471
0.000779217
0.000814796
0.00085232
0.000891912
0.000933703
0.000977834
0.00102445
0.00107372
0.00112581
0.0011809
0.00123919
0.0013009
0.00136624
0.00143547
0.00150884
0.00158665
0.00166919
0.00175681
0.00184985
0.00194873
0.00205386
0.00216573
0.00228488
0.00241189
0.00254745
0.00269234
0.00284743
0.00301379
0.00319266
0.00338553
0.00359423
0.00382101
0.00406869
0.00434082
0.00464192
0.00497785
0.00535618
0.00578682
0.00628283
0.00686152
0.007546
0.00836733
0.00936757
0.0106043
0.0121569
0.0141369
0.0167032
0.0200874
0.0246368
0.0308915
0.0397297
0.0526619
0.0724668
0.104685
0.161479
0.272938
0.5257
0.571178
0.345934
0.235241
0.172992
0.134253
0.108195
0.0895802
0.0756504
0.0648471
0.0562334
0.0492151
0.043397
0.0385057
0.0343455
0.0307723
0.0276778
0.0249788
0.0226102
0.0205207
0.0186688
0.0170209
0.0155495
0.0142314
0.0130475
0.0119816
0.0110196
0.0101497
0.00936154
0.00864626
0.00799604
0.00740402
0.00686422
0.00637133
0.00592066
0.00550806
0.00512983
0.00478269
0.00446368
0.0041702
0.00389988
0.00365062
0.00342053
0.0032079
0.0030112
0.00282905
0.0026602
0.00250353
0.00235801
0.00222273
0.00209684
0.00197959
0.00187028
0.00176828
0.00167303
0.00158401
0.00150073
0.00142276
0.00134971
0.00128122
0.00121694
0.00115658
0.00109985
0.0010465
0.000996294
0.00094901
0.000904448
0.000862426
0.000822772
0.00078533
0.000749954
0.00071651
0.000684873
0.000654929
0.00062657
0.000599699
0.00057422
0.000550053
0.000527115
0.000505332
0.000484638
0.000464967
0.00044626
0.00042846
0.000411516
0.000395381
0.000380007
0.000365353
0.000351378
0.000338047
0.000325323
0.000313174
0.00030157
0.000290482
0.000279883
0.000269747
0.000260051
0.000250771
0.000241888
0.000233381
0.000225231
0.000217421
0.000209934
0.000202754
0.000195867
0.000189258
0.000182915
0.000176824
0.000170974
0.000165354
0.000159954
0.000154762
0.00014977
0.000144969
0.00014035
0.000135905
0.000131626
0.000127506
0.000123538
0.000119716
0.000116034
0.000112485
0.000109063
0.000105764
0.000102582
9.95129e-005
9.65514e-005
9.36931e-005
9.09343e-005
8.82703e-005
8.56977e-005
8.3213e-005
8.08122e-005
7.84924e-005
7.62503e-005
7.40832e-005
7.19875e-005
6.99611e-005
6.80009e-005
6.61048e-005
6.427e-005
6.24945e-005
6.07759e-005
5.91121e-005
5.75012e-005
5.59411e-005
5.443e-005
5.29661e-005
5.15479e-005
5.01733e-005
4.88413e-005
4.755e-005
4.62981e-005
4.50841e-005
4.3907e-005
4.27651e-005
4.16574e-005
4.05827e-005
3.954e-005
3.85278e-005
3.75456e-005
3.6592e-005
3.5666e-005
3.47671e-005
3.38938e-005
3.3046e-005
3.22223e-005
3.1422e-005
3.06445e-005
2.98888e-005
2.91546e-005
2.84407e-005
2.77469e-005
2.70723e-005
2.64164e-005
2.57785e-005
2.51582e-005
2.45547e-005
2.39679e-005
2.33968e-005
2.28413e-005
2.23006e-005
2.17745e-005
2.12624e-005
2.0764e-005
2.02787e-005
1.98062e-005
1.93463e-005
1.88983e-005
1.84622e-005
1.80373e-005
1.76235e-005
1.72203e-005
1.68275e-005
1.64449e-005
1.60719e-005
1.57086e-005
1.53544e-005
1.50093e-005
1.46728e-005
1.43448e-005
1.40249e-005
1.37131e-005
1.34092e-005
1.31127e-005
1.28235e-005
1.25415e-005
1.22665e-005
1.19981e-005
1.17364e-005
1.14809e-005
1.12318e-005
1.09886e-005
1.07513e-005
1.05197e-005
1.02937e-005
1.00731e-005
9.85767e-006
9.64747e-006
9.44221e-006
9.24175e-006
9.04611e-006
8.85503e-006
8.6684e-006
8.4862e-006
8.30821e-006
8.13435e-006
7.96454e-006
7.79869e-006
7.63661e-006
7.47824e-006
7.32347e-006
7.17235e-006
7.0246e-006
6.88022e-006
6.73917e-006
6.60124e-006
6.46646e-006
6.33472e-006
6.20593e-006
6.07999e-006
5.95691e-006
5.83655e-006
5.71887e-006
5.60378e-006
5.49129e-006
5.3812e-006
5.27361e-006
5.16836e-006
5.0654e-006
4.9647e-006
4.8662e-006
4.76986e-006
4.6756e-006
4.58333e-006
4.49312e-006
4.40481e-006