4.1042e-006
4.18513e-006
4.26776e-006
4.35222e-006
4.43849e-006
4.52664e-006
4.6167e-006
4.70875e-006
4.80279e-006
4.8989e-006
4.99713e-006
5.09755e-006
5.20017e-006
5.30504e-006
5.41224e-006
5.52183e-006
5.63388e-006
5.7484e-006
5.86551e-006
5.98525e-006
6.10772e-006
6.23292e-006
6.3609e-006
6.49186e-006
6.62579e-006
6.76271e-006
6.90282e-006
7.04612e-006
7.19274e-006
7.34269e-006
7.49613e-006
7.65314e-006
7.81377e-006
7.97815e-006
8.14635e-006
8.31854e-006
8.49472e-006
8.67508e-006
8.85966e-006
9.04862e-006
9.2421e-006
9.4401e-006
9.64291e-006
9.85054e-006
1.00632e-005
1.02809e-005
1.05039e-005
1.07323e-005
1.09663e-005
1.1206e-005
1.14515e-005
1.1703e-005
1.19607e-005
1.22247e-005
1.24953e-005
1.27726e-005
1.30568e-005
1.33482e-005
1.36467e-005
1.39528e-005
1.42666e-005
1.45884e-005
1.49184e-005
1.52567e-005
1.56037e-005
1.59595e-005
1.63246e-005
1.66989e-005
1.7083e-005
1.74772e-005
1.78815e-005
1.82964e-005
1.87223e-005
1.91594e-005
1.9608e-005
2.00684e-005
2.05412e-005
2.10266e-005
2.15252e-005
2.20369e-005
2.25627e-005
2.31025e-005
2.36573e-005
2.42271e-005
2.48125e-005
2.5414e-005
2.60323e-005
2.66676e-005
2.73208e-005
2.79921e-005
2.86823e-005
2.9392e-005
3.01217e-005
3.08724e-005
3.16443e-005
3.24384e-005
3.32553e-005
3.40959e-005
3.4961e-005
3.58511e-005
3.67676e-005
3.77109e-005
3.8682e-005
3.9682e-005
4.07118e-005
4.17725e-005
4.28651e-005
4.39908e-005
4.51506e-005
4.63458e-005
4.75777e-005
4.88474e-005
5.01566e-005
5.15064e-005
5.28985e-005
5.43342e-005
5.58152e-005
5.73433e-005
5.89199e-005
6.05471e-005
6.22269e-005
6.39611e-005
6.57516e-005
6.76006e-005
6.95103e-005
7.14834e-005
7.35221e-005
7.56289e-005
7.78063e-005
8.00576e-005
8.23852e-005
8.47924e-005
8.72823e-005
8.98582e-005
9.25238e-005
9.52827e-005
9.81383e-005
0.000101095
0.000104157
0.000107329
0.000110615
0.00011402
0.000117549
0.000121208
0.000125002
0.000128937
0.000133019
0.000137255
0.000141652
0.000146215
0.000150955
0.000155877
0.000160992
0.000166306
0.00017183
0.000177574
0.000183547
0.000189762
0.000196228
0.000202958
0.000209966
0.000217265
0.000224868
0.000232791
0.00024105
0.000249662
0.000258646
0.000268018
0.000277801
0.000288015
0.000298682
0.000309827
0.000321475
0.000333654
0.000346391
0.000359717
0.000373664
0.000388268
0.000403565
0.000419593
0.000436395
0.000454015
0.000472499
0.000491899
0.000512268
0.000533664
0.000556148
0.000579786
0.000604649
0.000630812
0.000658354
0.000687363
0.000717931
0.000750158
0.000784148
0.000820018
0.000857891
0.000897897
0.000940179
0.000984891
0.0010322
0.00108227
0.00113531
0.00119152
0.00125112
0.00131435
0.00138148
0.00145278
0.00152855
0.00160914
0.0016949
0.00178622
0.00188352
0.00198727
0.00209797
0.00221616
0.00234246
0.00247752
0.00262207
0.00277691
0.00294294
0.00312114
0.00331262
0.00351863
0.00374057
0.00398004
0.00423887
0.00451919
0.00482348
0.00515466
0.00551621
0.00591231
0.00634804
0.00682965
0.00736484
0.0079633
0.00863722
0.00940213
0.0102779
0.0112904
0.012473
0.0138699
0.0155394
0.0175596
0.0200367
0.0231172
0.0270076
0.0320079
0.038569
0.0474
0.0596752
0.0774616
0.104655
0.149197
0.228829
0.387773
0.406497
0.261925
0.184973
0.139516
0.110302
0.0902027
0.0755973
0.0645145
0.0558149
0.0488034
0.0430345
0.0382094
0.0341196
0.0306148
0.0275836
0.0249413
0.0226226
0.020576
0.0187604
0.0171428
0.015696
0.0143976
0.013229
0.0121745
0.0112206
0.010356
0.00957085
0.00885654
0.00820563
0.00761161
0.00706872
0.00657189
0.00611662
0.00569892
0.00531524
0.00496238
0.00463751
0.00433807
0.00406178
0.00380658
0.00357062
0.00335223
0.0031499
0.00296226
0.00278808
0.00262625
0.00247574
0.00233565
0.00220514
0.00208343
0.00196986
0.00186377
0.00176459
0.00167181
0.00158493
0.00150353
0.00142719
0.00135555
0.00128827
0.00122503
0.00116556
0.00110959
0.00105687
0.0010072
0.000960351
0.000916144
0.000874403
0.000834966
0.000797684
0.000762418
0.000729039
0.000697429
0.000667476
0.00063908
0.000612144
0.00058658
0.000562306
0.000539246
0.000517326
0.000496481
0.00047665
0.000457773
0.000439797
0.00042267
0.000406347
0.000390782
0.000375933
0.000361763
0.000348234
0.000335312
0.000322965
0.000311164
0.000299879
0.000289083
0.000278754
0.000268865
0.000259396
0.000250324
0.000241632
0.0002333
0.00022531
0.000217646
0.000210292
0.000203235
0.000196458
0.000189951
0.000183699
0.000177691
0.000171916
0.000166364
0.000161024
0.000155886
0.000150943
0.000146185
0.000141604
0.000137192
0.000132943
0.000128849
0.000124903
0.000121099
0.000117432
0.000113895
0.000110483
0.000107191
0.000104015
0.000100948
9.79879e-005
9.51291e-005
9.23679e-005
8.97002e-005
8.71225e-005
8.46314e-005
8.22234e-005
7.98954e-005
7.7644e-005
7.54663e-005
7.33598e-005
7.13218e-005
6.93496e-005
6.74406e-005
6.55927e-005
6.38034e-005
6.20706e-005
6.03925e-005
5.87667e-005
5.71918e-005
5.56654e-005
5.41862e-005
5.27523e-005
5.13622e-005
5.00144e-005
4.87073e-005
4.74396e-005
4.62098e-005
4.50167e-005
4.3859e-005
4.27352e-005
4.1645e-005
4.05863e-005
3.95586e-005
3.85608e-005
3.75917e-005
3.66506e-005
3.57361e-005
3.4848e-005
3.3985e-005
3.31464e-005
3.23315e-005
3.15392e-005
3.07694e-005
3.00206e-005
2.92929e-005
2.85851e-005
2.78968e-005
2.72271e-005
2.6576e-005
2.59423e-005
2.53259e-005
2.4726e-005
2.41423e-005
2.35741e-005
2.30212e-005
2.24829e-005
2.19588e-005
2.14484e-005
2.09516e-005
2.04677e-005
1.99963e-005
1.95373e-005
1.90901e-005
1.86543e-005
1.823e-005
1.78163e-005
1.74133e-005
1.70204e-005
1.66376e-005
1.62644e-005
1.59006e-005
1.5546e-005
1.52002e-005
1.4863e-005
1.45342e-005
1.42136e-005
1.39008e-005
1.35958e-005
1.32982e-005
1.30079e-005
1.27247e-005
1.24484e-005
1.21787e-005
1.19156e-005
1.16588e-005
1.14081e-005
1.11635e-005
1.09247e-005
1.06916e-005
1.04641e-005
1.02419e-005
1.0025e-005
9.81305e-006
9.60618e-006
9.40412e-006
9.20682e-006
9.01407e-006
8.82581e-006
8.64187e-006
8.46222e-006
8.28669e-006
8.11517e-006
7.94758e-006
7.7838e-006
7.62382e-006
7.46737e-006
7.31448e-006
7.16512e-006
7.01909e-006
6.87627e-006
6.73669e-006
6.60027e-006
6.46687e-006
6.33642e-006
6.20887e-006
6.08416e-006
5.96221e-006
5.84292e-006
5.72622e-006
5.61213e-006
5.50052e-006
5.39135e-006
5.28456e-006
5.18009e-006
5.07786e-006
4.97785e-006
4.88e-006
4.78429e-006
4.69057e-006