1.92927e-008
2.016e-008
2.10667e-008
2.20151e-008
2.3007e-008
2.4044e-008
2.51291e-008
2.62639e-008
2.74506e-008
2.86918e-008
2.99905e-008
3.13489e-008
3.27701e-008
3.42567e-008
3.58121e-008
3.74394e-008
3.91421e-008
4.09234e-008
4.27877e-008
4.47385e-008
4.67798e-008
4.89159e-008
5.11519e-008
5.34916e-008
5.59406e-008
5.85044e-008
6.11875e-008
6.39962e-008
6.69373e-008
7.00153e-008
7.32378e-008
7.66121e-008
8.01452e-008
8.38446e-008
8.77184e-008
9.17746e-008
9.60229e-008
1.00472e-007
1.05132e-007
1.10012e-007
1.15124e-007
1.2048e-007
1.26089e-007
1.31966e-007
1.38123e-007
1.44574e-007
1.51333e-007
1.58416e-007
1.65837e-007
1.73615e-007
1.81767e-007
1.90309e-007
1.99264e-007
2.0865e-007
2.18489e-007
2.28804e-007
2.39618e-007
2.50954e-007
2.62842e-007
2.75307e-007
2.88378e-007
3.02087e-007
3.16465e-007
3.31543e-007
3.4736e-007
3.63953e-007
3.81358e-007
3.9962e-007
4.18777e-007
4.38881e-007
4.59975e-007
4.82112e-007
5.05346e-007
5.29731e-007
5.55325e-007
5.82192e-007
6.10399e-007
6.40009e-007
6.71102e-007
7.03751e-007
7.38035e-007
7.74039e-007
8.11855e-007
8.51576e-007
8.933e-007
9.37134e-007
9.83187e-007
1.03158e-006
1.08242e-006
1.13586e-006
1.19202e-006
1.25105e-006
1.3131e-006
1.37833e-006
1.44692e-006
1.51903e-006
1.59486e-006
1.67462e-006
1.75849e-006
1.84673e-006
1.93954e-006
2.0372e-006
2.13995e-006
2.24807e-006
2.36186e-006
2.48163e-006
2.6077e-006
2.74043e-006
2.88016e-006
3.0273e-006
3.18226e-006
3.34546e-006
3.51737e-006
3.69847e-006
3.88928e-006
4.09033e-006
4.30222e-006
4.52555e-006
4.76096e-006
5.00915e-006
5.27081e-006
5.54677e-006
5.83782e-006
6.14481e-006
6.46866e-006
6.81035e-006
7.17095e-006
7.55149e-006
7.95324e-006
8.37731e-006
8.82511e-006
9.29797e-006
9.79746e-006
1.03251e-005
1.08825e-005
1.14716e-005
1.20941e-005
1.27522e-005
1.34479e-005
1.41836e-005
1.49617e-005
1.57848e-005
1.66556e-005
1.7577e-005
1.85523e-005
1.95846e-005
2.06777e-005
2.18352e-005
2.30613e-005
2.43603e-005
2.57368e-005
2.71956e-005
2.87421e-005
3.03819e-005
3.2121e-005
3.39658e-005
3.59233e-005
3.80008e-005
4.02061e-005
4.25477e-005
4.50346e-005
4.76766e-005
5.04839e-005
5.34678e-005
5.66401e-005
6.00138e-005
6.36024e-005
6.74208e-005
7.14849e-005
7.58118e-005
8.04199e-005
8.53287e-005
9.05596e-005
9.61355e-005
0.000102081
0.000108423
0.000115189
0.000122412
0.000130123
0.00013836
0.00014716
0.000156567
0.000166625
0.000177384
0.000188897
0.000201222
0.000214421
0.000228562
0.000243719
0.000259972
0.000277407
0.00029612
0.000316211
0.000337794
0.000360989
0.000385929
0.000412759
0.000441635
0.000472731
0.000506233
0.000542347
0.000581298
0.000623332
0.000668716
0.000717748
0.000770749
0.000828076
0.000890117
0.000957303
0.0010301
0.00110904
0.00119468
0.00128766
0.00138868
0.00149849
0.00161796
0.00174802
0.00188971
0.00204419
0.00221274
0.0023968
0.00259794
0.00281795
0.00305881
0.00332274
0.00361225
0.00393016
0.00427967
0.00466441
0.00508854
0.00555685
0.00607486
0.00664906
0.00728704
0.00799788
0.00879243
0.00968393
0.0106886
0.0118268
0.0131238
0.0146126
0.0163352
0.0183475
0.0207239
0.0235659
0.0270144
0.0312695
0.0366235
0.0435165
0.0526349
0.0650951
0.0828032
0.109204
0.150962
0.222097
0.35527
0.35527
0.222097
0.150962
0.109204
0.0828032
0.0650951
0.0526349
0.0435165
0.0366235
0.0312695
0.0270144
0.0235659
0.0207239
0.0183475
0.0163352
0.0146126
0.0131238
0.0118268
0.0106886
0.00968393
0.00879243
0.00799788
0.00728704
0.00664906
0.00607486
0.00555685
0.00508854
0.00466441
0.00427967
0.00393016
0.00361225
0.00332274
0.00305881
0.00281795
0.00259794
0.0023968
0.00221274
0.00204419
0.00188971
0.00174802
0.00161796
0.00149849
0.00138868
0.00128766
0.00119468
0.00110904
0.0010301
0.000957303
0.000890117
0.000828076
0.000770749
0.000717748
0.000668716
0.000623332
0.000581298
0.000542347
0.000506233
0.000472731
0.000441635
0.000412759
0.000385929
0.000360989
0.000337794
0.000316211
0.00029612
0.000277407
0.000259972
0.000243719
0.000228562
0.000214421
0.000201222
0.000188897
0.000177384
0.000166625
0.000156567
0.00014716
0.00013836
0.000130123
0.000122412
0.000115189
0.000108423
0.000102081
9.61355e-005
9.05596e-005
8.53287e-005
8.04199e-005
7.58118e-005
7.14849e-005
6.74208e-005
6.36024e-005
6.00138e-005
5.66401e-005
5.34678e-005
5.04839e-005
4.76766e-005
4.50346e-005
4.25477e-005
4.02061e-005
3.80008e-005
3.59233e-005
3.39658e-005
3.2121e-005
3.03819e-005
2.87421e-005
2.71956e-005
2.57368e-005
2.43603e-005
2.30613e-005
2.18352e-005
2.06777e-005
1.95846e-005
1.85523e-005
1.7577e-005
1.66556e-005
1.57848e-005
1.49617e-005
1.41836e-005
1.34479e-005
1.27522e-005
1.20941e-005
1.14716e-005
1.08825e-005
1.03251e-005
9.79746e-006
9.29797e-006
8.82511e-006
8.37731e-006
7.95324e-006
7.55149e-006
7.17095e-006
6.81035e-006
6.46866e-006
6.14481e-006
5.83782e-006
5.54677e-006
5.27081e-006
5.00915e-006
4.76096e-006
4.52555e-006
4.30222e-006
4.09033e-006
3.88928e-006
3.69847e-006
3.51737e-006
3.34546e-006
3.18226e-006
3.0273e-006
2.88016e-006
2.74043e-006
2.6077e-006
2.48163e-006
2.36186e-006
2.24807e-006
2.13995e-006
2.0372e-006
1.93954e-006
1.84673e-006
1.75849e-006
1.67462e-006
1.59486e-006
1.51903e-006
1.44692e-006
1.37833e-006
1.3131e-006
1.25105e-006
1.19202e-006
1.13586e-006
1.08242e-006
1.03158e-006
9.83187e-007
9.37134e-007
8.933e-007
8.51576e-007
8.11855e-007
7.74039e-007
7.38035e-007
7.03751e-007
6.71102e-007
6.40009e-007
6.10399e-007
5.82192e-007
5.55325e-007
5.29731e-007
5.05346e-007
4.82112e-007
4.59975e-007
4.38881e-007
4.18777e-007
3.9962e-007
3.81358e-007
3.63953e-007
3.4736e-007
3.31543e-007
3.16465e-007
3.02087e-007
2.88378e-007
2.75307e-007
2.62842e-007
2.50954e-007
2.39618e-007
2.28804e-007
2.18489e-007
2.0865e-007
1.99264e-007
1.90309e-007
1.81767e-007
1.73615e-007
1.65837e-007
1.58416e-007
1.51333e-007
1.44574e-007
1.38123e-007
1.31966e-007
1.26089e-007
1.2048e-007
1.15124e-007
1.10012e-007
1.05132e-007
1.00472e-007
9.60229e-008
9.17746e-008
8.77184e-008
8.38446e-008
8.01452e-008
7.66121e-008
7.32378e-008
7.00153e-008
6.69373e-008
6.39962e-008
6.11875e-008
5.85044e-008
5.59406e-008
5.34916e-008
5.11519e-008
4.89159e-008
4.67798e-008
4.47385e-008
4.27877e-008
4.09234e-008
3.91421e-008
3.74394e-008
3.58121e-008
3.42567e-008
3.27701e-008
3.13489e-008
2.99905e-008
2.86918e-008
2.74506e-008
2.62639e-008
2.51291e-008
2.4044e-008
2.3007e-008
2.20151e-008
2.10667e-008
2.016e-008
1.92927e-008