8.42077e-009
8.79623e-009
9.18868e-009
9.59893e-009
1.00279e-008
1.04761e-008
1.09448e-008
1.14349e-008
1.19472e-008
1.24828e-008
1.30429e-008
1.36285e-008
1.42409e-008
1.48811e-008
1.55508e-008
1.6251e-008
1.69832e-008
1.77491e-008
1.85501e-008
1.9388e-008
2.02643e-008
2.11808e-008
2.21398e-008
2.31428e-008
2.41918e-008
2.52896e-008
2.6438e-008
2.76393e-008
2.88964e-008
3.02121e-008
3.15882e-008
3.30284e-008
3.45356e-008
3.61128e-008
3.77635e-008
3.94911e-008
4.12993e-008
4.3192e-008
4.5173e-008
4.72468e-008
4.94174e-008
5.16901e-008
5.40689e-008
5.656e-008
5.91681e-008
6.18991e-008
6.47584e-008
6.77525e-008
7.08883e-008
7.41726e-008
7.7612e-008
8.12141e-008
8.49872e-008
8.89394e-008
9.30797e-008
9.74167e-008
1.0196e-007
1.0672e-007
1.11708e-007
1.16934e-007
1.2241e-007
1.28149e-007
1.34163e-007
1.40466e-007
1.47071e-007
1.53995e-007
1.61253e-007
1.6886e-007
1.76837e-007
1.85198e-007
1.93965e-007
2.03157e-007
2.12795e-007
2.22902e-007
2.33502e-007
2.4462e-007
2.56278e-007
2.68507e-007
2.81337e-007
2.94794e-007
3.08912e-007
3.23724e-007
3.39267e-007
3.55575e-007
3.72688e-007
3.90648e-007
4.09498e-007
4.29283e-007
4.50051e-007
4.71849e-007
4.94736e-007
5.18766e-007
5.43995e-007
5.70489e-007
5.98309e-007
6.27528e-007
6.58214e-007
6.90447e-007
7.24306e-007
7.59879e-007
7.97249e-007
8.36515e-007
8.77775e-007
9.21137e-007
9.66707e-007
1.0146e-006
1.06495e-006
1.11788e-006
1.17352e-006
1.23202e-006
1.29354e-006
1.35823e-006
1.42627e-006
1.49782e-006
1.5731e-006
1.65228e-006
1.7356e-006
1.82326e-006
1.9155e-006
2.01258e-006
2.11476e-006
2.22231e-006
2.33552e-006
2.45472e-006
2.58023e-006
2.71238e-006
2.85156e-006
2.99816e-006
3.15258e-006
3.31525e-006
3.48665e-006
3.66725e-006
3.85757e-006
4.05816e-006
4.26959e-006
4.49249e-006
4.72749e-006
4.97527e-006
5.23658e-006
5.51219e-006
5.80289e-006
6.10957e-006
6.43313e-006
6.77455e-006
7.13487e-006
7.51517e-006
7.9166e-006
8.34042e-006
8.78792e-006
9.26046e-006
9.75956e-006
1.02867e-005
1.08437e-005
1.14321e-005
1.20539e-005
1.2711e-005
1.34056e-005
1.41399e-005
1.49162e-005
1.57372e-005
1.66054e-005
1.75237e-005
1.84951e-005
1.95229e-005
2.06104e-005
2.17614e-005
2.29797e-005
2.42693e-005
2.56347e-005
2.70805e-005
2.86116e-005
3.02334e-005
3.19512e-005
3.37712e-005
3.56996e-005
3.77433e-005
3.99091e-005
4.22048e-005
4.46384e-005
4.72186e-005
4.99544e-005
5.28553e-005
5.59319e-005
5.91949e-005
6.26558e-005
6.6327e-005
7.02216e-005
7.4353e-005
7.87361e-005
8.33862e-005
8.83195e-005
9.35536e-005
9.91061e-005
0.000104996
0.000111245
0.000117872
0.0001249
0.000132352
0.000140252
0.000148626
0.000157499
0.000166897
0.000176849
0.000187382
0.000198526
0.000210307
0.000222755
0.000235899
0.000249765
0.000264378
0.000279764
0.000295942
0.000312932
0.000330745
0.00034939
0.000368867
0.000389169
0.000410279
0.000432168
0.000454795
0.000478106
0.000502028
0.000526474
0.000551338
0.000576502
0.000601834
0.000627194
0.000652451
0.000677493
0.000702255
0.000726762
0.000751182
0.000775915
0.00080171
0.000829853
0.000862411
0.000902614
0.000955402
0.00102823
0.00113227
0.00128432
0.00150964
0.00184667
0.00235476
0.00312727
0.00431488
0.0061682
0.00911935
0.013946
0.0221188
0.0365854
0.063665
0.117984
0.236228
0.51596
1.19761
1.40905
0.82894
0.509099
0.335528
0.235448
0.173681
0.133197
0.105296
0.0852504
0.0703458
0.0589414
0.0500034
0.042855
0.037039
0.0322379
0.0282253
0.0248361
0.0219479
0.0194676
0.0173237
0.0154601
0.0138323
0.0124044
0.0111473
0.0100369
0.00905324
0.0081796
0.00740184
0.00670792
0.00608759
0.005532
0.00503354
0.00458561
0.00418246
0.00381908
0.00349108
0.00319463
0.00292634
0.00268324
0.00246269
0.00226236
0.00208021
0.00191439
0.00176329
0.00162545
0.00149959
0.00138455
0.0012793
0.00118292
0.00109458
0.00101354
0.000939135
0.000870763
0.000807886
0.000750015
0.000696711
0.000647578
0.000602254
0.000560415
0.000521767
0.000486042
0.000452997
0.000422411
0.000394084
0.000367832
0.000343489
0.000320903
0.000299936
0.00028046
0.000262359
0.000245528
0.000229869
0.000215293
0.000201719
0.000189072
0.000177283
0.000166288
0.00015603
0.000146455
0.000137513
0.00012916
0.000121352
0.000114053
0.000107225
0.000100836
9.4856e-005
8.9256e-005
8.40102e-005
7.90945e-005
7.44864e-005
7.01655e-005
6.61122e-005
6.23089e-005
5.87391e-005
5.53872e-005
5.2239e-005
4.92813e-005
4.65018e-005
4.38889e-005
4.1432e-005
3.91212e-005
3.6947e-005
3.4901e-005
3.2975e-005
3.11615e-005
2.94537e-005
2.78448e-005
2.63289e-005
2.49001e-005
2.35531e-005
2.22831e-005
2.10853e-005
1.99554e-005
1.88892e-005
1.78831e-005
1.69333e-005
1.60366e-005
1.51898e-005
1.43899e-005
1.36343e-005
1.29204e-005
1.22457e-005
1.16079e-005
1.10049e-005
1.04348e-005
9.89558e-006
9.38553e-006
8.90299e-006
8.44637e-006
8.01425e-006
7.60522e-006
7.21802e-006
6.85135e-006
6.50414e-006
6.17529e-006
5.86375e-006
5.56863e-006
5.28894e-006
5.0239e-006
4.77269e-006
4.53453e-006
4.30876e-006
4.09465e-006
3.89163e-006
3.69904e-006
3.51637e-006
3.34305e-006
3.17862e-006
3.02257e-006
2.87446e-006
2.73387e-006
2.60043e-006
2.47372e-006
2.35341e-006
2.23916e-006
2.13065e-006
2.02759e-006
1.92968e-006
1.83666e-006
1.74828e-006
1.66429e-006
1.58447e-006
1.50861e-006
1.4365e-006
1.36795e-006
1.30277e-006
1.2408e-006
1.18187e-006
1.12583e-006
1.07252e-006
1.02182e-006
9.73586e-007
9.27701e-007
8.84042e-007
8.42496e-007
8.02965e-007
7.65341e-007
7.29532e-007
6.95443e-007
6.62997e-007
6.32108e-007
6.02691e-007
5.74687e-007
5.48019e-007
5.22624e-007
4.98439e-007
4.75397e-007
4.53455e-007
4.32546e-007
4.1263e-007
3.93656e-007
3.75576e-007
3.58349e-007
3.41933e-007
3.26285e-007
3.11371e-007
2.97158e-007
2.83607e-007
2.70692e-007
2.58377e-007
2.46638e-007
2.35444e-007
2.2477e-007
2.14591e-007
2.04884e-007
1.95628e-007
1.86797e-007
1.78374e-007
1.7034e-007
1.62677e-007
1.55366e-007
1.4839e-007
1.41734e-007
1.35384e-007
1.29325e-007
1.23542e-007
1.18024e-007
1.12757e-007
1.0773e-007
1.02932e-007
9.83516e-008
9.39794e-008
8.98058e-008
8.58216e-008
8.20172e-008
7.83853e-008
7.49176e-008
7.16051e-008
6.84427e-008
6.54233e-008
6.25388e-008
5.97838e-008
5.71536e-008
5.46405e-008
5.22396e-008
4.99467e-008
4.77562e-008
4.56634e-008
4.36642e-008
4.17539e-008
3.9929e-008
3.81851e-008
3.65186e-008
3.49264e-008
3.34045e-008
3.19501e-008
3.05603e-008
2.92321e-008
2.79624e-008
2.67487e-008
2.55887e-008
2.448e-008
2.34198e-008
2.24065e-008
2.14377e-008
2.05115e-008