1.92883e-006
1.96598e-006
2.00386e-006
2.04259e-006
2.08209e-006
2.12245e-006
2.16367e-006
2.20573e-006
2.24872e-006
2.2926e-006
2.33742e-006
2.38319e-006
2.42994e-006
2.47769e-006
2.52649e-006
2.57632e-006
2.62723e-006
2.67922e-006
2.73234e-006
2.78663e-006
2.84211e-006
2.89879e-006
2.95669e-006
3.01588e-006
3.07637e-006
3.13814e-006
3.20134e-006
3.26591e-006
3.33194e-006
3.39939e-006
3.46835e-006
3.53888e-006
3.61096e-006
3.68465e-006
3.75998e-006
3.83704e-006
3.91585e-006
3.99643e-006
4.07884e-006
4.16306e-006
4.24928e-006
4.33746e-006
4.42764e-006
4.51989e-006
4.61427e-006
4.71084e-006
4.8096e-006
4.91071e-006
5.01412e-006
5.12001e-006
5.22833e-006
5.33918e-006
5.45262e-006
5.56876e-006
5.68758e-006
5.80936e-006
5.93392e-006
6.06148e-006
6.19206e-006
6.32582e-006
6.46274e-006
6.60299e-006
6.74668e-006
6.89375e-006
7.04444e-006
7.19879e-006
7.3569e-006
7.51887e-006
7.68479e-006
7.85488e-006
8.02915e-006
8.20775e-006
8.39075e-006
8.57832e-006
8.77061e-006
8.96769e-006
9.16976e-006
9.37683e-006
9.58926e-006
9.80704e-006
1.00304e-005
1.02594e-005
1.04943e-005
1.07352e-005
1.09823e-005
1.12359e-005
1.1496e-005
1.17629e-005
1.20367e-005
1.23178e-005
1.26062e-005
1.29022e-005
1.32061e-005
1.3518e-005
1.38382e-005
1.4167e-005
1.45047e-005
1.48513e-005
1.52073e-005
1.5573e-005
1.59487e-005
1.63345e-005
1.67311e-005
1.71383e-005
1.75569e-005
1.79871e-005
1.84291e-005
1.88835e-005
1.93506e-005
1.98308e-005
2.03245e-005
2.08321e-005
2.13542e-005
2.18911e-005
2.24433e-005
2.30114e-005
2.35958e-005
2.4197e-005
2.48158e-005
2.54523e-005
2.61077e-005
2.67822e-005
2.74766e-005
2.81914e-005
2.89274e-005
2.96853e-005
3.04657e-005
3.12698e-005
3.20976e-005
3.29507e-005
3.38296e-005
3.47351e-005
3.56684e-005
3.66303e-005
3.76215e-005
3.86435e-005
3.96971e-005
4.07835e-005
4.19039e-005
4.3059e-005
4.42507e-005
4.54799e-005
4.67476e-005
4.80561e-005
4.94061e-005
5.07989e-005
5.22366e-005
5.37208e-005
5.52526e-005
5.68338e-005
5.84667e-005
6.01527e-005
6.18937e-005
6.36916e-005
6.55486e-005
6.74669e-005
6.94485e-005
7.14955e-005
7.36105e-005
7.57954e-005
7.80533e-005
8.03869e-005
8.27977e-005
8.52892e-005
8.78641e-005
9.05254e-005
9.32756e-005
9.61179e-005
9.90554e-005
0.000102091
0.000105228
0.00010847
0.00011182
0.000115281
0.000118856
0.000122549
0.000126363
0.000130302
0.000134367
0.000138563
0.000142893
0.000147359
0.000151964
0.000156709
0.000161598
0.00016663
0.000171809
0.000177132
0.000182602
0.000188215
0.000193971
0.000199865
0.000205893
0.000212048
0.000218323
0.000224706
0.000231185
0.000237743
0.000244362
0.000251016
0.000257679
0.000264317
0.000270888
0.000277348
0.000283639
0.000289698
0.000295447
0.000300798
0.000305647
0.000309872
0.000313331
0.000315862
0.000317273
0.000317342
0.000315812
0.000312386
0.000306717
0.000298404
0.000286983
0.000271914
0.000252572
0.000228232
0.000198055
0.000161063
0.000116126
6.19243e-005
0
0
0
0
0
0
0
0
0
0
0
0
0
0
0
0
0
0
0
0
0
0
0
0
0
0
0
0.00619918
0.249483
2.53372
4.21927
1.27786
0.621688
0.373767
0.252757
0.183993
0.140786
0.111638
0.0909069
0.0755497
0.0637994
0.0545704
0.0471633
0.0411109
0.0360902
0.0318722
0.0282906
0.0252215
0.0225712
0.0202674
0.0182534
0.0164842
0.0149233
0.013541
0.0123129
0.0112184
0.0102404
0.00936432
0.00857777
0.00787009
0.0072321
0.00665587
0.00613448
0.00566192
0.0052329
0.0048428
0.00448755
0.00416356
0.00386765
0.00359702
0.00334917
0.00312188
0.00291318
0.00272131
0.00254469
0.00238192
0.00223174
0.00209301
0.00196473
0.00184596
0.0017359
0.00163379
0.00153896
0.00145082
0.0013688
0.00129241
0.0012212
0.00115475
0.0010927
0.0010347
0.000980436
0.000929632
0.000882027
0.000837384
0.000795487
0.000756136
0.000719149
0.00068436
0.000651615
0.000620772
0.000591701
0.000564283
0.000538405
0.000513966
0.000490873
0.000469037
0.000448378
0.000428822
0.000410297
0.000392741
0.000376094
0.0003603
0.000345307
0.000331068
0.000317538
0.000304675
0.000292441
0.000280798
0.000269715
0.000259158
0.000249098
0.000239509
0.000230363
0.000221636
0.000213307
0.000205352
0.000197754
0.000190493
0.000183551
0.000176912
0.000170561
0.000164482
0.000158662
0.000153087
0.000147747
0.000142629
0.000137721
0.000133016
0.000128501
0.000124168
0.00012001
0.000116017
0.000112181
0.000108496
0.000104955
0.00010155
9.82759e-005
9.5127e-005
9.2097e-005
8.91814e-005
8.63747e-005
8.36722e-005
8.10694e-005
7.85621e-005
7.61459e-005
7.38175e-005
7.15723e-005
6.94077e-005
6.73202e-005
6.53057e-005
6.33625e-005
6.14869e-005
5.96761e-005
5.79279e-005
5.62395e-005
5.46086e-005
5.3033e-005
5.15107e-005
5.0039e-005
4.86166e-005
4.72413e-005
4.59111e-005
4.46247e-005
4.338e-005
4.21756e-005
4.10101e-005
3.98819e-005
3.87898e-005
3.77324e-005
3.67083e-005
3.57164e-005
3.47555e-005
3.38244e-005
3.29223e-005
3.20477e-005
3.12e-005
3.03782e-005
2.95814e-005
2.88084e-005
2.80591e-005
2.7332e-005
2.66264e-005
2.59419e-005
2.52774e-005
2.46327e-005
2.40067e-005
2.33989e-005
2.28087e-005
2.22356e-005
2.1679e-005
2.11383e-005
2.06129e-005
2.01025e-005
1.96067e-005
1.91246e-005
1.86561e-005
1.82006e-005
1.77578e-005
1.73273e-005
1.69086e-005
1.65015e-005
1.61055e-005
1.57202e-005
1.53454e-005
1.49808e-005
1.46259e-005
1.42806e-005
1.39444e-005
1.36174e-005
1.32989e-005
1.29888e-005
1.26869e-005
1.2393e-005
1.21067e-005
1.18278e-005
1.15563e-005
1.12917e-005
1.10339e-005
1.07828e-005
1.05381e-005
1.02997e-005
1.00672e-005
9.84081e-006
9.61998e-006
9.4048e-006
9.19496e-006
8.99044e-006
8.7909e-006
8.59637e-006
8.40661e-006
8.22164e-006
8.04116e-006
7.86514e-006
7.69339e-006
7.52578e-006
7.36232e-006
7.20273e-006
7.04714e-006
6.89522e-006
6.74695e-006
6.60219e-006
6.46089e-006
6.32301e-006
6.18842e-006
6.05696e-006
5.92857e-006
5.80325e-006
5.68089e-006
5.56129e-006
5.44457e-006
5.33053e-006
5.21919e-006
5.11039e-006
5.00407e-006
4.90023e-006
4.79878e-006
4.69962e-006
4.60272e-006
4.50807e-006
4.41555e-006
4.32515e-006
4.23675e-006
4.15033e-006
4.06591e-006
3.98331e-006
3.9026e-006
3.82368e-006
3.74656e-006
3.67108e-006
3.59732e-006
3.52516e-006
3.45458e-006
3.3856e-006
3.31807e-006
3.2521e-006
3.18748e-006