4.74632e-006
4.84053e-006
4.93679e-006
5.03514e-006
5.13565e-006
5.23841e-006
5.34338e-006
5.45065e-006
5.5603e-006
5.67238e-006
5.78693e-006
5.90405e-006
6.02379e-006
6.14618e-006
6.27131e-006
6.39928e-006
6.53011e-006
6.66385e-006
6.80066e-006
6.94057e-006
7.08366e-006
7.23e-006
7.37968e-006
7.53283e-006
7.68944e-006
7.84962e-006
8.01359e-006
8.18131e-006
8.35295e-006
8.52858e-006
8.70826e-006
8.89224e-006
9.08047e-006
9.27308e-006
9.47029e-006
9.67212e-006
9.87884e-006
1.00904e-005
1.0307e-005
1.05288e-005
1.07559e-005
1.09885e-005
1.12267e-005
1.14707e-005
1.17207e-005
1.19766e-005
1.22388e-005
1.25075e-005
1.27827e-005
1.30648e-005
1.33538e-005
1.365e-005
1.39535e-005
1.42647e-005
1.45835e-005
1.49104e-005
1.52456e-005
1.55893e-005
1.59416e-005
1.63029e-005
1.66735e-005
1.70535e-005
1.74434e-005
1.78432e-005
1.82534e-005
1.86742e-005
1.91061e-005
1.95492e-005
2.00039e-005
2.04706e-005
2.09497e-005
2.14414e-005
2.19463e-005
2.24646e-005
2.29968e-005
2.35434e-005
2.41047e-005
2.46813e-005
2.52735e-005
2.5882e-005
2.6507e-005
2.71493e-005
2.78095e-005
2.84879e-005
2.91852e-005
2.99019e-005
3.06389e-005
3.13966e-005
3.21759e-005
3.29773e-005
3.38015e-005
3.46494e-005
3.55216e-005
3.64192e-005
3.73429e-005
3.82933e-005
3.92717e-005
4.02788e-005
4.13159e-005
4.23836e-005
4.34831e-005
4.46156e-005
4.57823e-005
4.69842e-005
4.82225e-005
4.94988e-005
5.08141e-005
5.217e-005
5.35678e-005
5.50092e-005
5.64957e-005
5.80289e-005
5.96105e-005
6.12423e-005
6.29261e-005
6.4664e-005
6.64577e-005
6.83097e-005
7.02219e-005
7.21968e-005
7.42368e-005
7.63442e-005
7.85218e-005
8.07722e-005
8.30983e-005
8.55031e-005
8.79898e-005
9.05616e-005
9.32218e-005
9.59742e-005
9.88226e-005
0.000101771
0.000104822
0.000107982
0.000111255
0.000114645
0.000118158
0.000121798
0.000125571
0.000129483
0.00013354
0.000137749
0.000142114
0.000146645
0.000151348
0.000156231
0.000161302
0.00016657
0.000172044
0.000177732
0.000183647
0.000189797
0.000196194
0.00020285
0.000209778
0.00021699
0.0002245
0.000232324
0.000240476
0.000248973
0.000257833
0.000267074
0.000276715
0.000286777
0.000297283
0.000308254
0.000319717
0.000331697
0.000344222
0.000357322
0.000371028
0.000385375
0.000400397
0.000416133
0.000432623
0.000449911
0.000468042
0.000487068
0.000507038
0.000528009
0.000550044
0.000573205
0.000597561
0.000623188
0.000650162
0.000678571
0.000708505
0.000740061
0.000773346
0.000808473
0.000845564
0.000884749
0.000926171
0.000969983
0.00101635
0.00106545
0.00111747
0.00117263
0.00123114
0.00129326
0.00135924
0.00142938
0.00150398
0.00158339
0.00166797
0.00175812
0.00185428
0.00195693
0.00206658
0.0021838
0.00230922
0.0024435
0.0025874
0.00274172
0.00290736
0.0030853
0.00327662
0.00348251
0.00370429
0.0039434
0.00420145
0.00448021
0.00478168
0.00510805
0.0054618
0.00584569
0.00626283
0.00671675
0.00721144
0.00775149
0.00834215
0.00898949
0.00970061
0.0104838
0.0113491
0.0123081
0.0133751
0.0145676
0.0159068
0.0174194
0.0191386
0.0211065
0.0233775
0.0260219
0.0291327
0.0328357
0.0373043
0.0427864
0.0496485
0.0584574
0.0701315
0.0862384
0.109605
0.145657
0.205553
0.314167
0.314167
0.205553
0.145657
0.109605
0.0862384
0.0701315
0.0584574
0.0496485
0.0427864
0.0373043
0.0328357
0.0291327
0.0260219
0.0233775
0.0211065
0.0191386
0.0174194
0.0159068
0.0145676
0.0133751
0.0123081
0.0113491
0.0104838
0.00970061
0.00898949
0.00834215
0.00775149
0.00721144
0.00671675
0.00626283
0.00584569
0.0054618
0.00510805
0.00478168
0.00448021
0.00420145
0.0039434
0.00370429
0.00348251
0.00327662
0.0030853
0.00290736
0.00274172
0.0025874
0.0024435
0.00230922
0.0021838
0.00206658
0.00195693
0.00185428
0.00175812
0.00166797
0.00158339
0.00150398
0.00142938
0.00135924
0.00129326
0.00123114
0.00117263
0.00111747
0.00106545
0.00101635
0.000969983
0.000926171
0.000884749
0.000845564
0.000808473
0.000773346
0.000740061
0.000708505
0.000678571
0.000650162
0.000623188
0.000597561
0.000573205
0.000550044
0.000528009
0.000507038
0.000487068
0.000468042
0.000449911
0.000432623
0.000416133
0.000400397
0.000385375
0.000371028
0.000357322
0.000344222
0.000331697
0.000319717
0.000308254
0.000297283
0.000286777
0.000276715
0.000267074
0.000257833
0.000248973
0.000240476
0.000232324
0.0002245
0.00021699
0.000209778
0.00020285
0.000196194
0.000189797
0.000183647
0.000177732
0.000172044
0.00016657
0.000161302
0.000156231
0.000151348
0.000146645
0.000142114
0.000137749
0.00013354
0.000129483
0.000125571
0.000121798
0.000118158
0.000114645
0.000111255
0.000107982
0.000104822
0.000101771
9.88226e-005
9.59742e-005
9.32218e-005
9.05616e-005
8.79898e-005
8.55031e-005
8.30983e-005
8.07722e-005
7.85218e-005
7.63442e-005
7.42368e-005
7.21968e-005
7.02219e-005
6.83097e-005
6.64577e-005
6.4664e-005
6.29261e-005
6.12423e-005
5.96105e-005
5.80289e-005
5.64957e-005
5.50092e-005
5.35678e-005
5.217e-005
5.08141e-005
4.94988e-005
4.82225e-005
4.69842e-005
4.57823e-005
4.46156e-005
4.34831e-005
4.23836e-005
4.13159e-005
4.02788e-005
3.92717e-005
3.82933e-005
3.73429e-005
3.64192e-005
3.55216e-005
3.46494e-005
3.38015e-005
3.29773e-005
3.21759e-005
3.13966e-005
3.06389e-005
2.99019e-005
2.91852e-005
2.84879e-005
2.78095e-005
2.71493e-005
2.6507e-005
2.5882e-005
2.52735e-005
2.46813e-005
2.41047e-005
2.35434e-005
2.29968e-005
2.24646e-005
2.19463e-005
2.14414e-005
2.09497e-005
2.04706e-005
2.00039e-005
1.95492e-005
1.91061e-005
1.86742e-005
1.82534e-005
1.78432e-005
1.74434e-005
1.70535e-005
1.66735e-005
1.63029e-005
1.59416e-005
1.55893e-005
1.52456e-005
1.49104e-005
1.45835e-005
1.42647e-005
1.39535e-005
1.365e-005
1.33538e-005
1.30648e-005
1.27827e-005
1.25075e-005
1.22388e-005
1.19766e-005
1.17207e-005
1.14707e-005
1.12267e-005
1.09885e-005
1.07559e-005
1.05288e-005
1.0307e-005
1.00904e-005
9.87884e-006
9.67212e-006
9.47029e-006
9.27308e-006
9.08047e-006
8.89224e-006
8.70826e-006
8.52858e-006
8.35295e-006
8.18131e-006
8.01359e-006
7.84962e-006
7.68944e-006
7.53283e-006
7.37968e-006
7.23e-006
7.08366e-006
6.94057e-006
6.80066e-006
6.66385e-006
6.53011e-006
6.39928e-006
6.27131e-006
6.14618e-006
6.02379e-006
5.90405e-006
5.78693e-006
5.67238e-006
5.5603e-006
5.45065e-006
5.34338e-006
5.23841e-006
5.13565e-006
5.03514e-006
4.93679e-006
4.84053e-006
4.74632e-006